age_calBP2000_top	age_calBP2000_bot	age_calBP	d18O_vsmow
0	50	-25	-35.19
50	100	25	-34.83
100	150	75	-35.05
150	200	125	-35.45
200	250	175	-35.42
250	300	225	-35.63
300	350	275	-35.80
350	400	325	-35.62
400	450	375	-35.48
450	500	425	-35.36
500	550	475	-35.41
550	600	525	-35.10
600	650	575	-35.27
650	700	625	-35.67
700	750	675	-35.33
750	800	725	-35.38
800	850	775	-35.63
850	900	825	-35.49
900	950	875	-35.30
950	1000	925	-35.66
1000	1050	975	-35.01
1050	1100	1025	-35.09
1100	1150	1075	-35.58
1150	1200	1125	-35.51
1200	1250	1175	-35.34
1250	1300	1225	-35.27
1300	1350	1275	-35.26
1350	1400	1325	-35.09
1400	1450	1375	-35.20
1450	1500	1425	-35.09
1500	1550	1475	-35.68
1550	1600	1525	-35.42
1600	1650	1575	-34.84
1650	1700	1625	-35.68
1700	1750	1675	-35.22
1750	1800	1725	-35.72
1800	1850	1775	-35.43
1850	1900	1825	-35.19
1900	1950	1875	-34.66
1950	2000	1925	-35.03
2000	2050	1975	-35.00
2050	2100	2025	-35.12
2100	2150	2075	-35.19
2150	2200	2125	-35.60
2200	2250	2175	-35.33
2250	2300	2225	-34.77
2300	2350	2275	-34.99
2350	2400	2325	-35.10
2400	2450	2375	-34.93
2450	2500	2425	-35.65
2500	2550	2475	-35.25
2550	2600	2525	-35.11
2600	2650	2575	-35.29
2650	2700	2625	-35.32
2700	2750	2675	-35.19
2750	2800	2725	-34.86
2800	2850	2775	-34.96
2850	2900	2825	-35.14
2900	2950	2875	-35.03
2950	3000	2925	-34.64
3000	3050	2975	-34.98
3050	3100	3025	-35.19
3100	3150	3075	-34.91
3150	3200	3125	-35.02
3200	3250	3175	-35.17
3250	3300	3225	-35.08
3300	3350	3275	-35.15
3350	3400	3325	-34.91
3400	3450	3375	-34.81
3450	3500	3425	-35.07
3500	3550	3475	-35.00
3550	3600	3525	-34.96
3600	3650	3575	-35.13
3650	3700	3625	-34.49
3700	3750	3675	-34.63
3750	3800	3725	-35.06
3800	3850	3775	-35.05
3850	3900	3825	-35.21
3900	3950	3875	-35.11
3950	4000	3925	-35.07
4000	4050	3975	-34.73
4050	4100	4025	-35.02
4100	4150	4075	-35.25
4150	4200	4125	-34.96
4200	4250	4175	-34.65
4250	4300	4225	-35.19
4300	4350	4275	-34.65
4350	4400	4325	-35.10
4400	4450	4375	-34.99
4450	4500	4425	-34.65
4500	4550	4475	-35.00
4550	4600	4525	-34.45
4600	4650	4575	-34.87
4650	4700	4625	-35.05
4700	4750	4675	-34.78
4750	4800	4725	-34.60
4800	4850	4775	-34.85
4850	4900	4825	-34.74
4900	4950	4875	-34.40
4950	5000	4925	-34.72
5000	5050	4975	-34.76
5050	5100	5025	-34.65
5100	5150	5075	-34.98
5150	5200	5125	-34.41
5200	5250	5175	-34.68
5250	5300	5225	-35.09
5300	5350	5275	-34.97
5350	5400	5325	-35.02
5400	5450	5375	-34.64
5450	5500	5425	-34.56
5500	5550	5475	-34.51
5550	5600	5525	-34.82
5600	5650	5575	-34.63
5650	5700	5625	-35.09
5700	5750	5675	-34.75
5750	5800	5725	-34.62
5800	5850	5775	-34.82
5850	5900	5825	-34.22
5900	5950	5875	-34.73
5950	6000	5925	-34.96
6000	6050	5975	-34.93
6050	6100	6025	-34.83
6100	6150	6075	-34.40
6150	6200	6125	-34.81
6200	6250	6175	-34.77
6250	6300	6225	-34.80
6300	6350	6275	-34.78
6350	6400	6325	-34.65
6400	6450	6375	-34.35
6450	6500	6425	-34.55
6500	6550	6475	-35.08
6550	6600	6525	-34.47
6600	6650	6575	-34.61
6650	6700	6625	-34.54
6700	6750	6675	-34.51
6750	6800	6725	-34.72
6800	6850	6775	-34.66
6850	6900	6825	-34.54
6900	6950	6875	-34.77
6950	7000	6925	-34.60
7000	7050	6975	-34.79
7050	7100	7025	-34.70
7100	7150	7075	-34.81
7150	7200	7125	-34.82
7200	7250	7175	-34.61
7250	7300	7225	-34.91
7300	7350	7275	-34.69
7350	7400	7325	-34.43
7400	7450	7375	-34.41
7450	7500	7425	-34.52
7500	7550	7475	-34.69
7550	7600	7525	-34.23
7600	7650	7575	-34.33
7650	7700	7625	-34.39
7700	7750	7675	-34.42
7750	7800	7725	-34.06
7800	7850	7775	-34.25
7850	7900	7825	-34.89
7900	7950	7875	-34.54
7950	8000	7925	-34.13
8000	8050	7975	-34.63
8050	8100	8025	-34.65
8100	8150	8075	-35.51
8150	8200	8125	-35.98
8200	8250	8175	-35.39
8250	8300	8225	-34.60
8300	8350	8275	-34.69
8350	8400	8325	-35.13
8400	8450	8375	-34.77
8450	8500	8425	-34.60
8500	8550	8475	-34.71
8550	8600	8525	-34.46
8600	8650	8575	-35.12
8650	8700	8625	-34.75
8700	8750	8675	-34.82
8750	8800	8725	-35.05
8800	8850	8775	-34.67
8850	8900	8825	-34.30
8900	8950	8875	-34.71
8950	9000	8925	-34.66
9000	9050	8975	-35.22
9050	9100	9025	-34.78
9100	9150	9075	-34.49
9150	9200	9125	-34.81
9200	9250	9175	-35.48
9250	9300	9225	-35.41
9300	9350	9275	-34.78
9350	9400	9325	-34.87
9400	9450	9375	-35.12
9450	9500	9425	-34.83
9500	9550	9475	-34.91
9550	9600	9525	-34.86
9600	9650	9575	-34.86
9650	9700	9625	-34.70
9700	9750	9675	-34.64
9750	9800	9725	-35.15
9800	9850	9775	-34.99
9850	9900	9825	-35.13
9900	9950	9875	-34.93
9950	10000	9925	-35.29
10000	10050	9975	-35.25
10050	10100	10025	-35.24
10100	10150	10075	-35.38
10150	10200	10125	-36.27
10200	10250	10175	-35.73
10250	10300	10225	-36.18
10300	10350	10275	-36.22
10350	10400	10325	-36.09
10400	10450	10375	-35.70
10450	10500	10425	-35.90
10500	10550	10475	-36.30
10550	10600	10525	-35.62
10600	10650	10575	-36.17
10650	10700	10625	-36.31
10700	10750	10675	-36.54
10750	10800	10725	-37.36
10800	10850	10775	-37.23
10850	10900	10825	-36.99
10900	10950	10875	-36.70
10950	11000	10925	-36.78
11000	11050	10975	-36.73
11050	11100	11025	-37.48
11100	11150	11075	-36.51
11150	11200	11125	-36.96
11200	11250	11175	-37.44
11250	11300	11225	-37.98
11300	11350	11275	-38.03
11350	11400	11325	-37.13
11400	11450	11375	-36.77
11450	11500	11425	-36.70
11500	11550	11475	-38.99
11550	11600	11525	-40.22
11600	11650	11575	-40.22
11650	11700	11625	-39.71
11700	11750	11675	-40.84
11750	11800	11725	-41.04
11800	11850	11775	-40.41
11850	11900	11825	-39.95
11900	11950	11875	-41.22
11950	12000	11925	-41.38
12000	12050	11975	-40.63
12050	12100	12025	-40.39
12100	12150	12075	-40.76
12150	12200	12125	-41.37
12200	12250	12175	-40.97
12250	12300	12225	-41.06
12300	12350	12275	-40.54
12350	12400	12325	-40.82
12400	12450	12375	-41.67
12450	12500	12425	-41.11
12500	12550	12475	-42.21
12550	12600	12525	-40.86
12600	12650	12575	-40.18
12650	12700	12625	-39.53
12700	12750	12675	-39.03
12750	12800	12725	-38.76
12800	12850	12775	-39.38
12850	12900	12825	-39.88
12900	12950	12875	-40.07
12950	13000	12925	-41.07
13000	13050	12975	-40.05
13050	13100	13025	-40.20
13100	13150	13075	-39.07
13150	13200	13125	-39.19
13200	13250	13175	-38.57
13250	13300	13225	-38.44
13300	13350	13275	-38.61
13350	13400	13325	-38.01
13400	13450	13375	-38.52
13450	13500	13425	-39.25
13500	13550	13475	-39.77
13550	13600	13525	-38.74
13600	13650	13575	-38.25
13650	13700	13625	-39.08
13700	13750	13675	-38.38
13750	13800	13725	-38.08
13800	13850	13775	-38.39
13850	13900	13825	-39.46
13900	13950	13875	-40.11
13950	14000	13925	-39.71
14000	14050	13975	-38.25
14050	14100	14025	-38.14
14100	14150	14075	-37.89
14150	14200	14125	-37.59
14200	14250	14175	-37.21
14250	14300	14225	-37.17
14300	14350	14275	-36.95
14350	14400	14325	-37.29
14400	14450	14375	-36.26
14450	14500	14425	-36.25
14500	14550	14475	-36.40
14550	14600	14525	-37.47
14600	14650	14575	-40.06
14650	14700	14625	-41.75
14700	14750	14675	-40.58
14750	14800	14725	-41.60
14800	14850	14775	-41.13
14850	14900	14825	-41.56
14900	14950	14875	-42.31
14950	15000	14925	-42.03
15000	15050	14975	-42.06
15050	15100	15025	-42.01
15100	15150	15075	-42.23
15150	15200	15125	-42.55
15200	15250	15175	-40.78
15250	15300	15225	-42.38
15300	15350	15275	-42.00
15350	15400	15325	-42.55
15400	15450	15375	-43.48
15450	15500	15425	-42.76
15500	15550	15475	-41.94
15550	15600	15525	-43.63
15600	15650	15575	-43.29
15650	15700	15625	-41.41
15700	15750	15675	-41.92
15750	15800	15725	-41.69
15800	15850	15775	-41.88
15850	15900	15825	-41.53
15900	15950	15875	-43.56
15950	16000	15925	-42.18
16000	16050	15975	-42.41
16050	16100	16025	-41.45
16100	16150	16075	-42.01
16150	16200	16125	-41.61
16200	16250	16175	-41.68
16250	16300	16225	-40.80
16300	16350	16275	-41.00
16350	16400	16325	-41.82
16400	16450	16375	-41.36
16450	16500	16425	-41.17
16500	16550	16475	-40.44
16550	16600	16525	-40.31
16600	16650	16575	-41.90
16650	16700	16625	-41.28
16700	16750	16675	-40.42
16750	16800	16725	-40.42
16800	16850	16775	-40.45
16850	16900	16825	-40.99
16900	16950	16875	-40.76
16950	17000	16925	-41.02
17000	17050	16975	-42.02
17050	17100	17025	-41.14
17100	17150	17075	-40.27
17150	17200	17125	-40.18
17200	17250	17175	-41.44
17250	17300	17225	-40.66
17300	17350	17275	-41.15
17350	17400	17325	-41.88
17400	17450	17375	-42.16
17450	17500	17425	-42.60
17500	17550	17475	-41.80
17550	17600	17525	-42.53
17600	17650	17575	-41.83
17650	17700	17625	-41.35
17700	17750	17675	-42.07
17750	17800	17725	-42.47
17800	17850	17775	-42.63
17850	17900	17825	-42.35
17900	17950	17875	-42.25
17950	18000	17925	-41.69
18000	18050	17975	-40.73
18050	18100	18025	-41.66
18100	18150	18075	-40.93
18150	18200	18125	-41.45
18200	18250	18175	-42.09
18250	18300	18225	-41.28
18300	18350	18275	-41.04
18350	18400	18325	-41.89
18400	18450	18375	-41.32
18450	18500	18425	-42.19
18500	18550	18475	-41.71
18550	18600	18525	-42.34
18600	18650	18575	-42.48
18650	18700	18625	-42.31
18700	18750	18675	-41.37
18750	18800	18725	-42.18
18800	18850	18775	-42.82
18850	18900	18825	-41.26
18900	18950	18875	-41.97
18950	19000	18925	-41.52
19000	19050	18975	-41.13
19050	19100	19025	-41.05
19100	19150	19075	-41.36
19150	19200	19125	-42.82
19200	19250	19175	-40.88
19250	19300	19225	-40.98
19300	19350	19275	-42.60
19350	19400	19325	-41.77
19400	19450	19375	-42.57
19450	19500	19425	-42.18
19500	19550	19475	-42.22
19550	19600	19525	-41.73
19600	19650	19575	-42.29
19650	19700	19625	-42.01
19700	19750	19675	-42.90
19750	19800	19725	-43.20
19800	19850	19775	-43.34
19850	19900	19825	-42.38
19900	19950	19875	-42.76
19950	20000	19925	-43.87
20000	20050	19975	-42.03
20050	20100	20025	-41.01
20100	20150	20075	-41.79
20150	20200	20125	-42.28
20200	20250	20175	-42.11
20250	20300	20225	-42.70
20300	20350	20275	-42.49
20350	20400	20325	-42.75
20400	20450	20375	-44.28
20450	20500	20425	-42.61
20500	20550	20475	-43.15
20550	20600	20525	-42.06
20600	20650	20575	-42.96
20650	20700	20625	-43.29
20700	20750	20675	-42.14
20750	20800	20725	-42.41
20800	20850	20775	-42.77
20850	20900	20825	-42.07
20900	20950	20875	-43.05
20950	21000	20925	-42.14
21000	21050	20975	-41.71
21050	21100	21025	-42.65
21100	21150	21075	-42.95
21150	21200	21125	-43.75
21200	21250	21175	-42.91
21250	21300	21225	-43.28
21300	21350	21275	-42.36
21350	21400	21325	-41.85
21400	21450	21375	-42.83
21450	21500	21425	-41.87
21500	21550	21475	-42.03
21550	21600	21525	-41.59
21600	21650	21575	-41.56
21650	21700	21625	-42.14
21700	21750	21675	-42.34
21750	21800	21725	-42.90
21800	21850	21775	-42.40
21850	21900	21825	-42.31
21900	21950	21875	-43.01
21950	22000	21925	-42.24
22000	22050	21975	-42.38
22050	22100	22025	-43.48
22100	22150	22075	-41.22
22150	22200	22125	-41.20
22200	22250	22175	-42.49
22250	22300	22225	-41.87
22300	22350	22275	-41.18
22350	22400	22325	-42.27
22400	22450	22375	-42.11
22450	22500	22425	-42.76
22500	22550	22475	-42.47
22550	22600	22525	-41.76
22600	22650	22575	-41.07
22650	22700	22625	-39.76
22700	22750	22675	-41.92
22750	22800	22725	-43.46
22800	22850	22775	-42.00
22850	22900	22825	-43.68
22900	22950	22875	-43.61
22950	23000	22925	-43.77
23000	23050	22975	-43.67
23050	23100	23025	-44.07
23100	23150	23075	-43.12
23150	23200	23125	-43.72
23200	23250	23175	-44.19
23250	23300	23225	-43.53
23300	23350	23275	-43.57
23350	23400	23325	-42.65
23400	23450	23375	-43.14
23450	23500	23425	-43.74
23500	23550	23475	-43.55
23550	23600	23525	-43.82
23600	23650	23575	-44.32
23650	23700	23625	-43.80
23700	23750	23675	-42.62
23750	23800	23725	-43.54
23800	23850	23775	-43.41
23850	23900	23825	-43.50
23900	23950	23875	-43.20
23950	24000	23925	-42.70
24000	24050	23975	-43.60
24050	24100	24025	-44.23
24100	24150	24075	-43.04
24150	24200	24125	-43.84
24200	24250	24175	-44.06
24250	24300	24225	-43.89
24300	24350	24275	-44.49
24350	24400	24325	-42.67
24400	24450	24375	-42.74
24450	24500	24425	-43.43
24500	24550	24475	-44.21
24550	24600	24525	-43.39
24600	24650	24575	-42.79
24650	24700	24625	-44.00
24700	24750	24675	-43.45
24750	24800	24725	-42.93
24800	24850	24775	-44.13
24850	24900	24825	-44.86
24900	24950	24875	-42.36
24950	25000	24925	-43.39
25000	25050	24975	-43.44
25050	25100	25025	-44.56
25100	25150	25075	-44.76
25150	25200	25125	-44.18
25200	25250	25175	-43.73
25250	25300	25225	-44.76
25300	25350	25275	-44.37
25350	25400	25325	-43.45
25400	25450	25375	-43.45
25450	25500	25425	-44.76
25500	25550	25475	-42.46
25550	25600	25525	-43.24
25600	25650	25575	-42.27
25650	25700	25625	-42.76
25700	25750	25675	-43.18
25750	25800	25725	-42.79
25800	25850	25775	-42.67
25850	25900	25825	-42.44
25900	25950	25875	-42.94
25950	26000	25925	-43.79
26000	26050	25975	-45.62
26050	26100	26025	-44.40
26100	26150	26075	-43.54
26150	26200	26125	-43.17
26200	26250	26175	-43.36
26250	26300	26225	-44.16
26300	26350	26275	-44.07
26350	26400	26325	-43.23
26400	26450	26375	-43.91
26450	26500	26425	-43.47
26500	26550	26475	-42.54
26550	26600	26525	-43.97
26600	26650	26575	-43.97
26650	26700	26625	-42.36
26700	26750	26675	-42.63
26750	26800	26725	-43.45
26800	26850	26775	-43.35
26850	26900	26825	-43.08
26900	26950	26875	-44.06
26950	27000	26925	-44.40
27000	27050	26975	-44.58
27050	27100	27025	-43.61
27100	27150	27075	-43.03
27150	27200	27125	-41.42
27200	27250	27175	-40.72
27250	27300	27225	-39.62
27300	27350	27275	-39.40
27350	27400	27325	-38.37
27400	27450	27375	-43.20
27450	27500	27425	-43.72
27500	27550	27475	-43.82
27550	27600	27525	-43.85
27600	27650	27575	-44.84
27650	27700	27625	-44.20
27700	27750	27675	-44.58
27750	27800	27725	-44.05
27800	27850	27775	-44.15
27850	27900	27825	-44.48
27900	27950	27875	-43.75
27950	28000	27925	-44.70
28000	28050	27975	-43.59
28050	28100	28025	-43.78
28100	28150	28075	-44.28
28150	28200	28125	-43.20
28200	28250	28175	-43.23
28250	28300	28225	-40.58
28300	28350	28275	-40.33
28350	28400	28325	-40.45
28400	28450	28375	-40.36
28450	28500	28425	-39.02
28500	28550	28475	-40.23
28550	28600	28525	-42.50
28600	28650	28575	-43.60
28650	28700	28625	-44.37
28700	28750	28675	-44.08
28750	28800	28725	-44.54
28800	28850	28775	-43.71
28850	28900	28825	-44.13
28900	28950	28875	-44.32
28950	29000	28925	-43.65
29000	29050	28975	-43.51
29050	29100	29025	-44.14
29100	29150	29075	-45.07
29150	29200	29125	-44.35
29200	29250	29175	-45.82
29250	29300	29225	-44.57
29300	29350	29275	-45.22
29350	29400	29325	-44.39
29400	29450	29375	-44.15
29450	29500	29425	-44.31
29500	29550	29475	-44.51
29550	29600	29525	-44.06
29600	29650	29575	-43.98
29650	29700	29625	-44.83
29700	29750	29675	-44.47
29750	29800	29725	-45.11
29800	29850	29775	-44.22
29850	29900	29825	-44.37
29900	29950	29875	-45.09
29950	30000	29925	-43.74
30000	30050	29975	-44.04
30050	30100	30025	-44.88
30100	30150	30075	-43.76
30150	30200	30125	-43.35
30200	30250	30175	-43.83
30250	30300	30225	-42.23
30300	30350	30275	-42.37
30350	30400	30325	-43.00
30400	30450	30375	-43.85
30450	30500	30425	-43.12
30500	30550	30475	-43.65
30550	30600	30525	-44.24
30600	30650	30575	-44.21
30650	30700	30625	-43.66
30700	30750	30675	-43.89
30750	30800	30725	-43.58
30800	30850	30775	-43.28
30850	30900	30825	-44.29
30900	30950	30875	-44.13
30950	31000	30925	-43.22
31000	31050	30975	-43.74
31050	31100	31025	-44.21
31100	31150	31075	-43.46
31150	31200	31125	-43.08
31200	31250	31175	-44.40
31250	31300	31225	-43.69
31300	31350	31275	-44.02
31350	31400	31325	-43.95
31400	31450	31375	-43.09
31450	31500	31425	-43.68
31500	31550	31475	-43.39
31550	31600	31525	-44.07
31600	31650	31575	-43.65
31650	31700	31625	-43.96
31700	31750	31675	-43.40
31750	31800	31725	-43.57
31800	31850	31775	-41.55
31850	31900	31825	-41.70
31900	31950	31875	-40.61
31950	32000	31925	-40.30
32000	32050	31975	-40.43
32050	32100	32025	-40.40
32100	32150	32075	-39.94
32150	32200	32125	-39.88
32200	32250	32175	-38.92
32250	32300	32225	-42.28
32300	32350	32275	-43.91
32350	32400	32325	-43.81
32400	32450	32375	-44.18
32450	32500	32425	-44.26
32500	32550	32475	-43.77
32550	32600	32525	-44.17
32600	32650	32575	-44.69
32650	32700	32625	-45.14
32700	32750	32675	-43.84
32750	32800	32725	-42.97
32800	32850	32775	-43.48
32850	32900	32825	-43.68
32900	32950	32875	-43.81
32950	33000	32925	-43.26
33000	33050	32975	-43.21
33050	33100	33025	-43.56
33100	33150	33075	-44.19
33150	33200	33125	-43.14
33200	33250	33175	-41.10
33250	33300	33225	-40.38
33300	33350	33275	-39.92
33350	33400	33325	-39.66
33400	33450	33375	-39.82
33450	33500	33425	-39.78
33500	33550	33475	-39.03
33550	33600	33525	-41.04
33600	33650	33575	-41.91
33650	33700	33625	-42.70
33700	33750	33675	-42.73
33750	33800	33725	-43.26
33800	33850	33775	-43.32
33850	33900	33825	-42.49
33900	33950	33875	-42.92
33950	34000	33925	-42.72
34000	34050	33975	-42.85
34050	34100	34025	-42.59
34100	34150	34075	-43.38
34150	34200	34125	-43.09
34200	34250	34175	-42.81
34250	34300	34225	-42.61
34300	34350	34275	-42.97
34350	34400	34325	-43.38
34400	34450	34375	-42.98
34450	34500	34425	-41.93
34500	34550	34475	-42.20
34550	34600	34525	-40.05
34600	34650	34575	-40.50
34650	34700	34625	-40.40
34700	34750	34675	-40.77
34750	34800	34725	-41.17
34800	34850	34775	-40.99
34850	34900	34825	-40.30
34900	34950	34875	-39.35
34950	35000	34925	-40.17
35000	35050	34975	-39.67
35050	35100	35025	-39.80
35100	35150	35075	-39.36
35150	35200	35125	-39.51
35200	35250	35175	-39.24
35250	35300	35225	-38.78
35300	35350	35275	-38.63
35350	35400	35325	-39.86
35400	35450	35375	-42.62
35450	35500	35425	-42.74
35500	35550	35475	-42.83
35550	35600	35525	-42.60
35600	35650	35575	-41.95
35650	35700	35625	-42.58
35700	35750	35675	-43.43
35750	35800	35725	-44.52
35800	35850	35775	-44.52
35850	35900	35825	-42.59
35900	35950	35875	-43.13
35950	36000	35925	-43.32
36000	36050	35975	-42.93
36050	36100	36025	-42.81
36100	36150	36075	-42.43
36150	36200	36125	-42.75
36200	36250	36175	-43.32
36250	36300	36225	-42.88
36300	36350	36275	-42.00
36350	36400	36325	-43.06
36400	36450	36375	-42.12
36450	36500	36425	-41.75
36500	36550	36475	-43.23
36550	36600	36525	-42.21
36600	36650	36575	-40.82
36650	36700	36625	-41.05
36700	36750	36675	-41.09
36750	36800	36725	-41.26
36800	36850	36775	-40.40
36850	36900	36825	-41.54
36900	36950	36875	-41.31
36950	37000	36925	-41.52
37000	37050	36975	-41.01
37050	37100	37025	-41.33
37100	37150	37075	-40.96
37150	37200	37125	-40.21
37200	37250	37175	-40.02
37250	37300	37225	-39.59
37300	37350	37275	-39.93
37350	37400	37325	-39.28
37400	37450	37375	-40.29
37450	37500	37425	-40.21
37500	37550	37475	-38.77
37550	37600	37525	-39.28
37600	37650	37575	-38.74
37650	37700	37625	-39.15
37700	37750	37675	-38.90
37750	37800	37725	-38.71
37800	37850	37775	-39.04
37850	37900	37825	-39.12
37900	37950	37875	-39.03
37950	38000	37925	-39.41
38000	38050	37975	-39.05
38050	38100	38025	-38.64
38100	38150	38075	-38.50
38150	38200	38125	-38.97
38200	38250	38175	-38.20
38250	38300	38225	-38.13
38300	38350	38275	-38.99
38350	38400	38325	-41.76
38400	38450	38375	-42.30
38450	38500	38425	-42.78
38500	38550	38475	-42.26
38550	38600	38525	-42.15
38600	38650	38575	-42.76
38650	38700	38625	-42.81
38700	38750	38675	-42.71
38750	38800	38725	-42.77
38800	38850	38775	-43.71
38850	38900	38825	-43.21
38900	38950	38875	-43.19
38950	39000	38925	-43.09
39000	39050	38975	-42.63
39050	39100	39025	-42.50
39100	39150	39075	-42.11
39150	39200	39125	-43.91
39200	39250	39175	-43.54
39250	39300	39225	-44.16
39300	39350	39275	-43.05
39350	39400	39325	-43.27
39400	39450	39375	-43.62
39450	39500	39425	-43.35
39500	39550	39475	-43.03
39550	39600	39525	-43.57
39600	39650	39575	-42.66
39650	39700	39625	-43.49
39700	39750	39675	-43.67
39750	39800	39725	-42.01
39800	39850	39775	-43.88
39850	39900	39825	-42.68
39900	39950	39875	-42.96
39950	40000	39925	-43.24
40000	40050	39975	-43.23
40050	40100	40025	-43.33
40100	40150	40075	-42.23
40150	40200	40125	-41.09
40200	40250	40175	-40.75
40250	40300	40225	-40.34
40300	40350	40275	-40.18
40350	40400	40325	-42.77
40400	40450	40375	-42.20
40450	40500	40425	-42.44
40500	40550	40475	-42.21
40550	40600	40525	-42.42
40600	40650	40575	-42.20
40650	40700	40625	-42.29
40700	40750	40675	-42.08
40750	40800	40725	-42.90
40800	40850	40775	-43.34
40850	40900	40825	-43.32
40900	40950	40875	-43.01
40950	41000	40925	-43.67
41000	41050	40975	-43.77
41050	41100	41025	-42.30
41100	41150	41075	-42.00
41150	41200	41125	-41.95
41200	41250	41175	-41.67
41250	41300	41225	-40.80
41300	41350	41275	-40.01
41350	41400	41325	-39.76
41400	41450	41375	-40.43
41450	41500	41425	-39.43
41500	41550	41475	-40.07
41550	41600	41525	-39.33
41600	41650	41575	-39.57
41650	41700	41625	-38.92
41700	41750	41675	-39.05
41750	41800	41725	-42.07
41800	41850	41775	-42.37
41850	41900	41825	-43.01
41900	41950	41875	-42.19
41950	42000	41925	-42.60
42000	42050	41975	-42.44
42050	42100	42025	-43.29
42100	42150	42075	-42.82
42150	42200	42125	-42.48
42200	42250	42175	-43.48
42250	42300	42225	-42.49
42300	42350	42275	-43.17
42350	42400	42325	-42.77
42400	42450	42375	-42.67
42450	42500	42425	-41.73
42500	42550	42475	-42.46
42550	42600	42525	-42.20
42600	42650	42575	-40.87
42650	42700	42625	-40.97
42700	42750	42675	-40.92
42750	42800	42725	-41.11
42800	42850	42775	-41.62
42850	42900	42825	-41.17
42900	42950	42875	-41.12
42950	43000	42925	-40.63
43000	43050	42975	-40.05
43050	43100	43025	-39.93
43100	43150	43075	-39.70
43150	43200	43125	-39.68
43200	43250	43175	-39.40
43250	43300	43225	-39.46
43300	43350	43275	-38.98
43350	43400	43325	-38.48
43400	43450	43375	-38.76
43450	43500	43425	-39.46
43500	43550	43475	-40.01
43550	43600	43525	-39.57
43600	43650	43575	-39.30
43650	43700	43625	-39.97
43700	43750	43675	-41.86
43750	43800	43725	-42.60
43800	43850	43775	-43.09
43850	43900	43825	-43.14
43900	43950	43875	-43.90
43950	44000	43925	-43.88
44000	44050	43975	-43.15
44050	44100	44025	-42.11
44100	44150	44075	-42.31
44150	44200	44125	-42.48
44200	44250	44175	-42.03
44250	44300	44225	-42.59
44300	44350	44275	-43.57
44350	44400	44325	-42.29
44400	44450	44375	-42.21
44450	44500	44425	-42.97
44500	44550	44475	-43.42
44550	44600	44525	-43.18
44600	44650	44575	-42.10
44650	44700	44625	-43.34
44700	44750	44675	-42.45
44750	44800	44725	-41.73
44800	44850	44775	-40.57
44850	44900	44825	-39.89
44900	44950	44875	-40.24
44950	45000	44925	-40.89
45000	45050	44975	-41.86
45050	45100	45025	-41.82
45100	45150	45075	-40.91
45150	45200	45125	-40.72
45200	45250	45175	-41.27
45250	45300	45225	-41.07
45300	45350	45275	-42.03
45350	45400	45325	-41.18
45400	45450	45375	-40.70
45450	45500	45425	-40.73
45500	45550	45475	-40.98
45550	45600	45525	-40.60
45600	45650	45575	-40.75
45650	45700	45625	-40.23
45700	45750	45675	-40.94
45750	45800	45725	-41.08
45800	45850	45775	-40.82
45850	45900	45825	-40.26
45900	45950	45875	-39.46
45950	46000	45925	-40.16
46000	46050	45975	-40.20
46050	46100	46025	-39.47
46100	46150	46075	-39.51
46150	46200	46125	-39.57
46200	46250	46175	-39.45
46250	46300	46225	-39.37
46300	46350	46275	-39.59
46350	46400	46325	-39.24
46400	46450	46375	-39.80
46450	46500	46425	-39.37
46500	46550	46475	-38.41
46550	46600	46525	-39.01
46600	46650	46575	-39.05
46650	46700	46625	-38.98
46700	46750	46675	-38.66
46750	46800	46725	-38.93
46800	46850	46775	-39.11
46850	46900	46825	-39.13
46900	46950	46875	-38.98
46950	47000	46925	-38.02
47000	47050	46975	-38.49
47050	47100	47025	-39.17
47100	47150	47075	-38.03
47150	47200	47125	-38.09
47200	47250	47175	-37.71
47250	47300	47225	-38.19
47300	47350	47275	-37.35
47350	47400	47325	-40.26
47400	47450	47375	-42.32
47450	47500	47425	-42.78
47500	47550	47475	-42.87
47550	47600	47525	-42.58
47600	47650	47575	-42.15
47650	47700	47625	-43.07
47700	47750	47675	-42.70
47750	47800	47725	-43.16
47800	47850	47775	-42.48
47850	47900	47825	-42.00
47900	47950	47875	-42.87
47950	48000	47925	-43.63
48000	48050	47975	-43.61
48050	48100	48025	-42.80
48100	48150	48075	-41.98
48150	48200	48125	-42.02
48200	48250	48175	-43.16
48250	48300	48225	-43.83
48300	48350	48275	-43.48
48350	48400	48325	-42.91
48400	48450	48375	-42.31
48450	48500	48425	-43.18
48500	48550	48475	-42.92
48550	48600	48525	-42.98
48600	48650	48575	-43.13
48650	48700	48625	-44.06
48700	48750	48675	-43.90
48750	48800	48725	-43.48
48800	48850	48775	-43.49
48850	48900	48825	-42.80
48900	48950	48875	-42.44
48950	49000	48925	-42.13
49000	49050	48975	-41.59
49050	49100	49025	-40.95
49100	49150	49075	-41.17
49150	49200	49125	-41.30
49200	49250	49175	-41.22
49250	49300	49225	-40.92
49300	49350	49275	-41.16
49350	49400	49325	-40.23
49400	49450	49375	-39.84
49450	49500	49425	-39.73
49500	49550	49475	-39.62
49550	49600	49525	-40.90
49600	49650	49575	-42.11
49650	49700	49625	-39.81
49700	49750	49675	-39.48
49750	49800	49725	-39.51
49800	49850	49775	-41.41
49850	49900	49825	-41.85
49900	49950	49875	-42.38
49950	50000	49925	-42.11
50000	50050	49975	-41.51
50050	50100	50025	-41.19
50100	50150	50075	-41.47
50150	50200	50125	-40.30
50200	50250	50175	-40.52
50250	50300	50225	-40.53
50300	50350	50275	-40.49
50350	50400	50325	-40.42
50400	50450	50375	-40.74
50450	50500	50425	-41.10
50500	50550	50475	-40.72
50550	50600	50525	-40.19
50600	50650	50575	-40.29
50650	50700	50625	-40.86
50700	50750	50675	-40.59
50750	50800	50725	-40.51
50800	50850	50775	-40.86
50850	50900	50825	-40.90
50900	50950	50875	-40.71
50950	51000	50925	-40.43
51000	51050	50975	-40.78
51050	51100	51025	-39.81
51100	51150	51075	-40.57
51150	51200	51125	-40.63
51200	51250	51175	-40.22
51250	51300	51225	-40.34
51300	51350	51275	-40.11
51350	51400	51325	-40.72
51400	51450	51375	-40.72
51450	51500	51425	-40.15
51500	51550	51475	-40.53
51550	51600	51525	-40.60
51600	51650	51575	-40.45
51650	51700	51625	-40.08
51700	51750	51675	-40.71
51750	51800	51725	-40.69
51800	51850	51775	-40.43
51850	51900	51825	-40.85
51900	51950	51875	-41.07
51950	52000	51925	-39.81
52000	52050	51975	-40.44
52050	52100	52025	-39.80
52100	52150	52075	-40.67
52150	52200	52125	-41.01
52200	52250	52175	-41.04
52250	52300	52225	-41.39
52300	52350	52275	-40.26
52350	52400	52325	-39.11
52400	52450	52375	-39.27
52450	52500	52425	-39.79
52500	52550	52475	-39.96
52550	52600	52525	-39.87
52600	52650	52575	-39.04
52650	52700	52625	-39.42
52700	52750	52675	-39.91
52750	52800	52725	-39.44
52800	52850	52775	-39.31
52850	52900	52825	-38.84
52900	52950	52875	-38.83
52950	53000	52925	-39.74
53000	53050	52975	-39.24
53050	53100	53025	-39.99
53100	53150	53075	-39.42
53150	53200	53125	-38.77
53200	53250	53175	-39.48
53250	53300	53225	-38.96
53300	53350	53275	-39.87
53350	53400	53325	-39.66
53400	53450	53375	-39.55
53450	53500	53425	-39.59
53500	53550	53475	-39.24
53550	53600	53525	-39.27
53600	53650	53575	-39.56
53650	53700	53625	-39.21
53700	53750	53675	-39.31
53750	53800	53725	-38.90
53800	53850	53775	-39.49
53850	53900	53825	-39.47
53900	53950	53875	-39.38
53950	54000	53925	-38.73
54000	54050	53975	-38.83
54050	54100	54025	-39.50
54100	54150	54075	-38.51
54150	54200	54125	-39.35
54200	54250	54175	-38.88
54250	54300	54225	-38.86
54300	54350	54275	-39.03
54350	54400	54325	-38.74
54400	54450	54375	-38.44
54450	54500	54425	-39.24
54500	54550	54475	-39.37
54550	54600	54525	-39.10
54600	54650	54575	-38.55
54650	54700	54625	-38.03
54700	54750	54675	-37.92
54750	54800	54725	-39.91
54800	54850	54775	-40.86
54850	54900	54825	-38.87
54900	54950	54875	-38.79
54950	55000	54925	-38.81
55000	55050	54975	-39.14
55050	55100	55025	-40.65
55100	55150	55075	-42.52
55150	55200	55125	-42.87
55200	55250	55175	-42.52
55250	55300	55225	-42.80
55300	55350	55275	-42.88
55350	55400	55325	-43.53
55400	55450	55375	-42.70
55450	55500	55425	-42.46
55500	55550	55475	-42.74
55550	55600	55525	-42.29
55600	55650	55575	-42.20
55650	55700	55625	-41.63
55700	55750	55675	-42.20
55750	55800	55725	-38.93
55800	55850	55775	-38.84
55850	55900	55825	-42.14
55900	55950	55875	-42.87
55950	56000	55925	-42.76
56000	56050	55975	-42.49
56050	56100	56025	-42.90
56100	56150	56075	-42.99
56150	56200	56125	-42.00
56200	56250	56175	-41.42
56250	56300	56225	-39.24
56300	56350	56275	-39.61
56350	56400	56325	-39.32
56400	56450	56375	-39.61
56450	56500	56425	-39.35
56500	56550	56475	-38.90
56550	56600	56525	-39.83
56600	56650	56575	-42.08
56650	56700	56625	-43.22
56700	56750	56675	-42.96
56750	56800	56725	-42.84
56800	56850	56775	-43.09
56850	56900	56825	-42.63
56900	56950	56875	-42.16
56950	57000	56925	-42.47
57000	57050	56975	-42.24
57050	57100	57025	-42.42
57100	57150	57075	-42.46
57150	57200	57125	-42.01
57200	57250	57175	-42.36
57250	57300	57225	-41.25
57300	57350	57275	-41.23
57350	57400	57325	-41.17
57400	57450	57375	-40.63
57450	57500	57425	-40.11
57500	57550	57475	-40.07
57550	57600	57525	-40.27
57600	57650	57575	-40.68
57650	57700	57625	-40.92
57700	57750	57675	-40.61
57750	57800	57725	-40.51
57800	57850	57775	-41.02
57850	57900	57825	-41.42
57900	57950	57875	-40.50
57950	58000	57925	-40.37
58000	58050	57975	-40.35
58050	58100	58025	-40.68
58100	58150	58075	-40.02
58150	58200	58125	-39.67
58200	58250	58175	-39.74
58250	58300	58225	-39.83
58300	58350	58275	-39.44
58350	58400	58325	-38.99
58400	58450	58375	-39.60
58450	58500	58425	-39.68
58500	58550	58475	-39.17
58550	58600	58525	-38.64
58600	58650	58575	-38.83
58650	58700	58625	-39.42
58700	58750	58675	-39.87
58750	58800	58725	-38.41
58800	58850	58775	-41.20
58850	58900	58825	-41.97
58900	58950	58875	-41.09
58950	59000	58925	-38.19
59000	59050	58975	-39.60
59050	59100	59025	-42.05
59100	59150	59075	-42.52
59150	59200	59125	-42.66
59200	59250	59175	-42.19
59250	59300	59225	-42.46
59300	59350	59275	-41.99
59350	59400	59325	-40.97
59400	59450	59375	-39.35
59450	59500	59425	-39.19
59500	59550	59475	-39.52
59550	59600	59525	-40.99
59600	59650	59575	-40.30
59650	59700	59625	-38.95
59700	59750	59675	-38.36
59750	59800	59725	-38.25
59800	59850	59775	-39.12
59850	59900	59825	-42.30
59900	59950	59875	-42.88
59950	60000	59925	-42.94
60000	60050	59975	-42.25
60050	60100	60025	-38.53
60100	60150	60075	-37.93
60150	60200	60125	-40.31
60200	60250	60175	-42.72
60250	60300	60225	-43.39
60300	60350	60275	-43.45
60350	60400	60325	-43.27
60400	60450	60375	-42.43
60450	60500	60425	-42.57
60500	60550	60475	-43.58
60550	60600	60525	-43.37
60600	60650	60575	-42.69
60650	60700	60625	-43.07
60700	60750	60675	-43.16
60750	60800	60725	-43.33
60800	60850	60775	-43.45
60850	60900	60825	-43.30
60900	60950	60875	-43.24
60950	61000	60925	-42.84
61000	61050	60975	-42.89
61050	61100	61025	-43.25
61100	61150	61075	-43.19
61150	61200	61125	-43.24
61200	61250	61175	-43.12
61250	61300	61225	-43.05
61300	61350	61275	-42.99
61350	61400	61325	-43.13
61400	61450	61375	-43.10
61450	61500	61425	-43.53
61500	61550	61475	-43.74
61550	61600	61525	-43.69
61600	61650	61575	-43.65
61650	61700	61625	-43.39
61700	61750	61675	-43.97
61750	61800	61725	-44.15
61800	61850	61775	-43.21
61850	61900	61825	-44.19
61900	61950	61875	-43.28
61950	62000	61925	-43.81
62000	62050	61975	-43.70
62050	62100	62025	-43.18
62100	62150	62075	-43.10
62150	62200	62125	-43.23
62200	62250	62175	-43.67
62250	62300	62225	-45.10
62300	62350	62275	-44.57
62350	62400	62325	-43.63
62400	62450	62375	-43.09
62450	62500	62425	-43.34
62500	62550	62475	-44.38
62550	62600	62525	-44.75
62600	62650	62575	-43.15
62650	62700	62625	-43.63
62700	62750	62675	-44.21
62750	62800	62725	-44.70
62800	62850	62775	-44.49
62850	62900	62825	-43.54
62900	62950	62875	-44.18
62950	63000	62925	-44.60
63000	63050	62975	-44.01
63050	63100	63025	-43.86
63100	63150	63075	-44.52
63150	63200	63125	-45.02
63200	63250	63175	-44.74
63250	63300	63225	-44.58
63300	63350	63275	-44.43
63350	63400	63325	-44.15
63400	63450	63375	-45.16
63450	63500	63425	-44.63
63500	63550	63475	-43.77
63550	63600	63525	-45.04
63600	63650	63575	-44.40
63650	63700	63625	-44.00
63700	63750	63675	-43.90
63750	63800	63725	-44.81
63800	63850	63775	-44.70
63850	63900	63825	-44.37
63900	63950	63875	-44.49
63950	64000	63925	-43.79
64000	64050	63975	-43.41
64050	64100	64025	-43.20
64100	64150	64075	-43.10
64150	64200	64125	-43.35
64200	64250	64175	-43.99
64250	64300	64225	-43.26
64300	64350	64275	-43.05
64350	64400	64325	-43.39
64400	64450	64375	-43.95
64450	64500	64425	-44.26
64500	64550	64475	-43.34
64550	64600	64525	-41.33
64600	64650	64575	-39.97
64650	64700	64625	-40.07
64700	64750	64675	-39.74
64750	64800	64725	-40.21
64800	64850	64775	-42.24
64850	64900	64825	-42.97
64900	64950	64875	-44.26
64950	65000	64925	-42.71
65000	65050	64975	-43.79
65050	65100	65025	-44.25
65100	65150	65075	-44.17
65150	65200	65125	-44.85
65200	65250	65175	-45.29
65250	65300	65225	-44.49
65300	65350	65275	-44.44
65350	65400	65325	-44.52
65400	65450	65375	-43.84
65450	65500	65425	-43.55
65500	65550	65475	-44.22
65550	65600	65525	-43.94
65600	65650	65575	-43.61
65650	65700	65625	-43.04
65700	65750	65675	-43.84
65750	65800	65725	-43.85
65800	65850	65775	-43.54
65850	65900	65825	-42.91
65900	65950	65875	-43.12
65950	66000	65925	-43.61
66000	66050	65975	-44.81
66050	66100	66025	-44.26
66100	66150	66075	-44.16
66150	66200	66125	-44.64
66200	66250	66175	-44.44
66250	66300	66225	-44.24
66300	66350	66275	-43.95
66350	66400	66325	-44.01
66400	66450	66375	-44.48
66450	66500	66425	-44.76
66500	66550	66475	-45.04
66550	66600	66525	-44.48
66600	66650	66575	-44.33
66650	66700	66625	-44.17
66700	66750	66675	-44.19
66750	66800	66725	-44.22
66800	66850	66775	-43.67
66850	66900	66825	-43.35
66900	66950	66875	-43.04
66950	67000	66925	-44.23
67000	67050	66975	-43.99
67050	67100	67025	-43.76
67100	67150	67075	-44.65
67150	67200	67125	-44.30
67200	67250	67175	-43.71
67250	67300	67225	-44.64
67300	67350	67275	-44.21
67350	67400	67325	-42.91
67400	67450	67375	-43.39
67450	67500	67425	-43.73
67500	67550	67475	-44.12
67550	67600	67525	-43.20
67600	67650	67575	-43.62
67650	67700	67625	-44.08
67700	67750	67675	-44.18
67750	67800	67725	-43.76
67800	67850	67775	-43.33
67850	67900	67825	-44.73
67900	67950	67875	-44.22
67950	68000	67925	-43.41
68000	68050	67975	-42.37
68050	68100	68025	-42.32
68100	68150	68075	-42.79
68150	68200	68125	-43.22
68200	68250	68175	-43.45
68250	68300	68225	-43.99
68300	68350	68275	-44.37
68350	68400	68325	-44.81
68400	68450	68375	-43.87
68450	68500	68425	-43.87
68500	68550	68475	-44.62
68550	68600	68525	-44.16
68600	68650	68575	-43.83
68650	68700	68625	-44.10
68700	68750	68675	-44.05
68750	68800	68725	-43.96
68800	68850	68775	-44.47
68850	68900	68825	-44.25
68900	68950	68875	-43.42
68950	69000	68925	-43.66
69000	69050	68975	-43.76
69050	69100	69025	-43.84
69100	69150	69075	-44.40
69150	69200	69125	-44.69
69200	69250	69175	-44.03
69250	69300	69225	-43.92
69300	69350	69275	-43.80
69350	69400	69325	-43.76
69400	69450	69375	-43.93
69450	69500	69425	-44.19
69500	69550	69475	-43.30
69550	69600	69525	-43.60
69600	69650	69575	-44.03
69650	69700	69625	-42.78
69700	69750	69675	-43.35
69750	69800	69725	-43.73
69800	69850	69775	-43.88
69850	69900	69825	-44.39
69900	69950	69875	-44.68
69950	70000	69925	-43.80
70000	70050	69975	-43.54
70050	70100	70025	-43.09
70100	70150	70075	-42.07
70150	70200	70125	-40.56
70200	70250	70175	-39.73
70250	70300	70225	-39.55
70300	70350	70275	-42.18
70350	70400	70325	-44.18
70400	70450	70375	-44.70
70450	70500	70425	-44.34
70500	70550	70475	-44.32
70550	70600	70525	-44.23
70600	70650	70575	-44.13
70650	70700	70625	-43.82
70700	70750	70675	-43.76
70750	70800	70725	-43.67
70800	70850	70775	-43.28
70850	70900	70825	-43.05
70900	70950	70875	-43.50
70950	71000	70925	-43.52
71000	71050	70975	-43.48
71050	71100	71025	-42.86
71100	71150	71075	-42.45
71150	71200	71125	-41.93
71200	71250	71175	-42.22
71250	71300	71225	-42.16
71300	71350	71275	-42.07
71350	71400	71325	-42.06
71400	71450	71375	-42.17
71450	71500	71425	-42.27
71500	71550	71475	-41.60
71550	71600	71525	-40.74
71600	71650	71575	-40.51
71650	71700	71625	-40.51
71700	71750	71675	-40.13
71750	71800	71725	-40.34
71800	71850	71775	-40.87
71850	71900	71825	-40.37
71900	71950	71875	-39.81
71950	72000	71925	-39.58
72000	72050	71975	-39.69
72050	72100	72025	-40.10
72100	72150	72075	-39.91
72150	72200	72125	-39.50
72200	72250	72175	-39.53
72250	72300	72225	-39.61
72300	72350	72275	-39.66
72350	72400	72325	-39.23
72400	72450	72375	-39.08
72450	72500	72425	-39.00
72500	72550	72475	-38.73
72550	72600	72525	-38.61
72600	72650	72575	-38.47
72650	72700	72625	-38.31
72700	72750	72675	-38.39
72750	72800	72725	-37.92
72800	72850	72775	-37.67
72850	72900	72825	-38.15
72900	72950	72875	-37.71
72950	73000	72925	-37.96
73000	73050	72975	-40.85
73050	73100	73025	-43.63
73100	73150	73075	-44.39
73150	73200	73125	-44.22
73200	73250	73175	-43.95
73250	73300	73225	-44.66
73300	73350	73275	-44.84
73350	73400	73325	-45.07
73400	73450	73375	-44.96
73450	73500	73425	-44.69
73500	73550	73475	-44.92
73550	73600	73525	-45.18
73600	73650	73575	-44.66
73650	73700	73625	-44.36
73700	73750	73675	-45.05
73750	73800	73725	-45.15
73800	73850	73775	-44.43
73850	73900	73825	-44.57
73900	73950	73875	-44.90
73950	74000	73925	-44.79
74000	74050	73975	-44.65
74050	74100	74025	-45.13
74100	74150	74075	-45.39
74150	74200	74125	-44.99
74200	74250	74175	-44.88
74250	74300	74225	-44.41
74300	74350	74275	-44.44
74350	74400	74325	-44.54
74400	74450	74375	-44.88
74450	74500	74425	-45.15
74500	74550	74475	-44.34
74550	74600	74525	-44.21
74600	74650	74575	-44.06
74650	74700	74625	-44.69
74700	74750	74675	-44.51
74750	74800	74725	-42.98
74800	74850	74775	-42.78
74850	74900	74825	-42.22
74900	74950	74875	-40.97
74950	75000	74925	-39.88
75000	75050	74975	-40.06
75050	75100	75025	-40.97
75100	75150	75075	-41.35
75150	75200	75125	-40.44
75200	75250	75175	-40.86
75250	75300	75225	-40.34
75300	75350	75275	-39.97
75350	75400	75325	-40.00
75400	75450	75375	-39.86
75450	75500	75425	-39.50
75500	75550	75475	-39.19
75550	75600	75525	-39.54
75600	75650	75575	-39.60
75650	75700	75625	-39.44
75700	75750	75675	-39.24
75750	75800	75725	-39.64
75800	75850	75775	-39.27
75850	75900	75825	-39.45
75900	75950	75875	-39.05
75950	76000	75925	-39.23
76000	76050	75975	-39.51
76050	76100	76025	-39.24
76100	76150	76075	-39.32
76150	76200	76125	-39.14
76200	76250	76175	-38.80
76250	76300	76225	-38.81
76300	76350	76275	-38.37
76350	76400	76325	-38.65
76400	76450	76375	-38.79
76450	76500	76425	-38.90
76500	76550	76475	-38.58
76550	76600	76525	-38.12
76600	76650	76575	-38.18
76650	76700	76625	-38.38
76700	76750	76675	-38.25
76750	76800	76725	-37.93
76800	76850	76775	-37.84
76850	76900	76825	-37.81
76900	76950	76875	-37.28
76950	77000	76925	-37.59
77000	77050	76975	-37.28
77050	77100	77025	-36.81
77100	77150	77075	-38.69
77150	77200	77125	-41.42
77200	77250	77175	-42.68
77250	77300	77225	-42.95
77300	77350	77275	-42.40
77350	77400	77325	-42.43
77400	77450	77375	-42.46
77450	77500	77425	-42.80
77500	77550	77475	-43.41
77550	77600	77525	-42.45
77600	77650	77575	-42.95
77650	77700	77625	-43.10
77700	77750	77675	-42.55
77750	77800	77725	-42.42
77800	77850	77775	-42.68
77850	77900	77825	-42.92
77900	77950	77875	-42.87
77950	78000	77925	-42.37
78000	78050	77975	-42.80
78050	78100	78025	-43.63
78100	78150	78075	-43.59
78150	78200	78125	-43.15
78200	78250	78175	-42.74
78250	78300	78225	-42.39
78300	78350	78275	-42.64
78350	78400	78325	-42.48
78400	78450	78375	-42.07
78450	78500	78425	-41.62
78500	78550	78475	-41.06
78550	78600	78525	-39.62
78600	78650	78575	-39.29
78650	78700	78625	-39.05
78700	78750	78675	-39.28
78750	78800	78725	-39.86
78800	78850	78775	-40.49
78850	78900	78825	-41.03
78900	78950	78875	-41.23
78950	79000	78925	-40.92
79000	79050	78975	-41.01
79050	79100	79025	-40.85
79100	79150	79075	-40.30
79150	79200	79125	-39.91
79200	79250	79175	-40.49
79250	79300	79225	-40.40
79300	79350	79275	-39.96
79350	79400	79325	-40.64
79400	79450	79375	-40.20
79450	79500	79425	-39.28
79500	79550	79475	-39.37
79550	79600	79525	-38.90
79600	79650	79575	-39.32
79650	79700	79625	-39.03
79700	79750	79675	-38.91
79750	79800	79725	-39.45
79800	79850	79775	-39.17
79850	79900	79825	-38.72
79900	79950	79875	-38.69
79950	80000	79925	-40.76
80000	80050	79975	-40.70
80050	80100	80025	-40.56
80100	80150	80075	-40.34
80150	80200	80125	-40.08
80200	80250	80175	-40.31
80250	80300	80225	-40.28
80300	80350	80275	-39.90
80350	80400	80325	-39.98
80400	80450	80375	-40.33
80450	80500	80425	-40.02
80500	80550	80475	-39.91
80550	80600	80525	-39.30
80600	80650	80575	-39.45
80650	80700	80625	-39.80
80700	80750	80675	-39.58
80750	80800	80725	-39.54
80800	80850	80775	-39.37
80850	80900	80825	-39.25
80900	80950	80875	-39.00
80950	81000	80925	-39.61
81000	81050	80975	-39.51
81050	81100	81025	-39.33
81100	81150	81075	-39.52
81150	81200	81125	-39.16
81200	81250	81175	-38.65
81250	81300	81225	-38.98
81300	81350	81275	-39.22
81350	81400	81325	-39.44
81400	81450	81375	-39.18
81450	81500	81425	-38.74
81500	81550	81475	-38.61
81550	81600	81525	-38.36
81600	81650	81575	-38.79
81650	81700	81625	-38.85
81700	81750	81675	-38.48
81750	81800	81725	-38.65
81800	81850	81775	-38.35
81850	81900	81825	-38.44
81900	81950	81875	-38.37
81950	82000	81925	-38.07
82000	82050	81975	-38.38
82050	82100	82025	-38.31
82100	82150	82075	-38.26
82150	82200	82125	-38.14
82200	82250	82175	-38.43
82250	82300	82225	-37.99
82300	82350	82275	-37.79
82350	82400	82325	-37.78
82400	82450	82375	-37.84
82450	82500	82425	-37.68
82500	82550	82475	-37.26
82550	82600	82525	-37.88
82600	82650	82575	-38.05
82650	82700	82625	-38.23
82700	82750	82675	-38.06
82750	82800	82725	-38.24
82800	82850	82775	-37.72
82850	82900	82825	-37.82
82900	82950	82875	-37.96
82950	83000	82925	-38.62
83000	83050	82975	-38.45
83050	83100	83025	-37.85
83100	83150	83075	-38.22
83150	83200	83125	-37.96
83200	83250	83175	-37.92
83250	83300	83225	-37.92
83300	83350	83275	-37.99
83350	83400	83325	-37.84
83400	83450	83375	-37.57
83450	83500	83425	-37.98
83500	83550	83475	-38.47
83550	83600	83525	-38.19
83600	83650	83575	-38.02
83650	83700	83625	-38.19
83700	83750	83675	-37.28
83750	83800	83725	-37.02
83800	83850	83775	-37.06
83850	83900	83825	-37.57
83900	83950	83875	-37.78
83950	84000	83925	-37.76
84000	84050	83975	-38.02
84050	84100	84025	-37.82
84100	84150	84075	-37.94
84150	84200	84125	-37.84
84200	84250	84175	-37.35
84250	84300	84225	-36.94
84300	84350	84275	-37.24
84350	84400	84325	-36.82
84400	84450	84375	-37.55
84450	84500	84425	-37.54
84500	84550	84475	-37.84
84550	84600	84525	-38.15
84600	84650	84575	-37.80
84650	84700	84625	-37.52
84700	84750	84675	-37.19
84750	84800	84725	-37.34
84800	84850	84775	-37.41
84850	84900	84825	-37.95
84900	84950	84875	-37.55
84950	85000	84925	-37.98
85000	85050	84975	-37.94
85050	85100	85025	-38.32
85100	85150	85075	-37.49
85150	85200	85125	-37.07
85200	85250	85175	-37.20
85250	85300	85225	-37.06
85300	85350	85275	-36.62
85350	85400	85325	-36.81
85400	85450	85375	-37.19
85450	85500	85425	-39.15
85500	85550	85475	-41.13
85550	85600	85525	-41.03
85600	85650	85575	-40.68
85650	85700	85625	-39.29
85700	85750	85675	-38.70
85750	85800	85725	-40.33
85800	85850	85775	-39.98
85850	85900	85825	-40.09
85900	85950	85875	-41.20
85950	86000	85925	-40.89
86000	86050	85975	-40.46
86050	86100	86025	-40.31
86100	86150	86075	-40.69
86150	86200	86125	-41.29
86200	86250	86175	-41.13
86250	86300	86225	-41.08
86300	86350	86275	-41.60
86350	86400	86325	-41.36
86400	86450	86375	-41.40
86450	86500	86425	-41.52
86500	86550	86475	-40.93
86550	86600	86525	-41.56
86600	86650	86575	-41.60
86650	86700	86625	-40.68
86700	86750	86675	-40.73
86750	86800	86725	-40.77
86800	86850	86775	-40.04
86850	86900	86825	-41.02
86900	86950	86875	-41.35
86950	87000	86925	-41.32
87000	87050	86975	-41.50
87050	87100	87025	-41.57
87100	87150	87075	-41.27
87150	87200	87125	-40.91
87200	87250	87175	-40.93
87250	87300	87225	-41.24
87300	87350	87275	-41.47
87350	87400	87325	-41.70
87400	87450	87375	-42.09
87450	87500	87425	-41.39
87500	87550	87475	-41.31
87550	87600	87525	-41.28
87600	87650	87575	-41.16
87650	87700	87625	-41.26
87700	87750	87675	-41.35
87750	87800	87725	-41.96
87800	87850	87775	-41.97
87850	87900	87825	-42.04
87900	87950	87875	-41.84
87950	88000	87925	-41.51
88000	88050	87975	-41.60
88050	88100	88025	-41.79
88100	88150	88075	-41.54
88150	88200	88125	-41.74
88200	88250	88175	-41.84
88250	88300	88225	-41.59
88300	88350	88275	-41.19
88350	88400	88325	-40.47
88400	88450	88375	-39.87
88450	88500	88425	-39.10
88500	88550	88475	-40.00
88550	88600	88525	-40.59
88600	88650	88575	-40.50
88650	88700	88625	-40.00
88700	88750	88675	-39.69
88750	88800	88725	-39.32
88800	88850	88775	-38.92
88850	88900	88825	-39.14
88900	88950	88875	-39.79
88950	89000	88925	-39.21
89000	89050	88975	-38.97
89050	89100	89025	-38.61
89100	89150	89075	-38.81
89150	89200	89125	-39.22
89200	89250	89175	-38.94
89250	89300	89225	-38.83
89300	89350	89275	-38.53
89350	89400	89325	-38.55
89400	89450	89375	-38.89
89450	89500	89425	-39.01
89500	89550	89475	-39.43
89550	89600	89525	-39.67
89600	89650	89575	-39.29
89650	89700	89625	-38.87
89700	89750	89675	-38.30
89750	89800	89725	-38.35
89800	89850	89775	-38.47
89850	89900	89825	-38.48
89900	89950	89875	-38.18
89950	90000	89925	-38.62
90000	90050	89975	-38.47
90050	90100	90025	-37.90
90100	90150	90075	-37.96
90150	90200	90125	-38.18
90200	90250	90175	-37.86
90250	90300	90225	-38.00
90300	90350	90275	-37.75
90350	90400	90325	-37.68
90400	90450	90375	-38.02
90450	90500	90425	-38.14
90500	90550	90475	-39.13
90550	90600	90525	-38.49
90600	90650	90575	-38.19
90650	90700	90625	-37.97
90700	90750	90675	-38.45
90750	90800	90725	-39.92
90800	90850	90775	-40.24
90850	90900	90825	-39.87
90900	90950	90875	-39.88
90950	91000	90925	-39.99
91000	91050	90975	-39.86
91050	91100	91025	-39.94
91100	91150	91075	-39.64
91150	91200	91125	-39.46
91200	91250	91175	-39.38
91250	91300	91225	-39.60
91300	91350	91275	-39.61
91350	91400	91325	-39.50
91400	91450	91375	-39.58
91450	91500	91425	-39.75
91500	91550	91475	-39.78
91550	91600	91525	-39.57
91600	91650	91575	-39.27
91650	91700	91625	-39.40
91700	91750	91675	-39.51
91750	91800	91725	-39.50
91800	91850	91775	-39.60
91850	91900	91825	-39.11
91900	91950	91875	-39.79
91950	92000	91925	-39.60
92000	92050	91975	-39.68
92050	92100	92025	-39.86
92100	92150	92075	-39.87
92150	92200	92125	-39.89
92200	92250	92175	-39.86
92250	92300	92225	-40.21
92300	92350	92275	-39.97
92350	92400	92325	-39.56
92400	92450	92375	-39.14
92450	92500	92425	-39.26
92500	92550	92475	-39.64
92550	92600	92525	-39.80
92600	92650	92575	-39.91
92650	92700	92625	-39.62
92700	92750	92675	-39.77
92750	92800	92725	-39.64
92800	92850	92775	-40.04
92850	92900	92825	-40.18
92900	92950	92875	-39.76
92950	93000	92925	-39.33
93000	93050	92975	-39.79
93050	93100	93025	-39.26
93100	93150	93075	-39.69
93150	93200	93125	-39.75
93200	93250	93175	-39.97
93250	93300	93225	-39.74
93300	93350	93275	-39.57
93350	93400	93325	-39.67
93400	93450	93375	-39.88
93450	93500	93425	-40.45
93500	93550	93475	-40.05
93550	93600	93525	-39.98
93600	93650	93575	-39.96
93650	93700	93625	-39.93
93700	93750	93675	-39.92
93750	93800	93725	-40.29
93800	93850	93775	-39.35
93850	93900	93825	-39.43
93900	93950	93875	-39.72
93950	94000	93925	-39.85
94000	94050	93975	-39.69
94050	94100	94025	-39.55
94100	94150	94075	-39.85
94150	94200	94125	-39.18
94200	94250	94175	-39.81
94250	94300	94225	-39.90
94300	94350	94275	-39.78
94350	94400	94325	-39.73
94400	94450	94375	-39.69
94450	94500	94425	-39.41
94500	94550	94475	-39.05
94550	94600	94525	-39.39
94600	94650	94575	-39.58
94650	94700	94625	-39.29
94700	94750	94675	-39.11
94750	94800	94725	-38.97
94800	94850	94775	-39.47
94850	94900	94825	-39.73
94900	94950	94875	-39.63
94950	95000	94925	-39.60
95000	95050	94975	-39.51
95050	95100	95025	-39.62
95100	95150	95075	-39.96
95150	95200	95125	-39.88
95200	95250	95175	-39.68
95250	95300	95225	-39.39
95300	95350	95275	-39.20
95350	95400	95325	-39.38
95400	95450	95375	-39.44
95450	95500	95425	-39.13
95500	95550	95475	-39.49
95550	95600	95525	-39.27
95600	95650	95575	-38.76
95650	95700	95625	-38.88
95700	95750	95675	-39.19
95750	95800	95725	-39.38
95800	95850	95775	-39.23
95850	95900	95825	-38.80
95900	95950	95875	-38.73
95950	96000	95925	-39.20
96000	96050	95975	-39.30
96050	96100	96025	-39.24
96100	96150	96075	-38.77
96150	96200	96125	-38.77
96200	96250	96175	-38.79
96250	96300	96225	-38.66
96300	96350	96275	-38.87
96350	96400	96325	-38.68
96400	96450	96375	-38.84
96450	96500	96425	-38.99
96500	96550	96475	-38.83
96550	96600	96525	-38.50
96600	96650	96575	-38.60
96650	96700	96625	-39.01
96700	96750	96675	-38.80
96750	96800	96725	-38.45
96800	96850	96775	-38.49
96850	96900	96825	-38.21
96900	96950	96875	-38.34
96950	97000	96925	-38.28
97000	97050	96975	-38.36
97050	97100	97025	-38.89
97100	97150	97075	-39.04
97150	97200	97125	-39.36
97200	97250	97175	-39.17
97250	97300	97225	-38.13
97300	97350	97275	-38.54
97350	97400	97325	-38.81
97400	97450	97375	-38.90
97450	97500	97425	-38.93
97500	97550	97475	-38.80
97550	97600	97525	-38.70
97600	97650	97575	-38.64
97650	97700	97625	-38.43
97700	97750	97675	-38.54
97750	97800	97725	-38.35
97800	97850	97775	-38.36
97850	97900	97825	-38.38
97900	97950	97875	-38.03
97950	98000	97925	-37.97
98000	98050	97975	-37.93
98050	98100	98025	-39.15
98100	98150	98075	-38.75
98150	98200	98125	-38.27
98200	98250	98175	-38.51
98250	98300	98225	-38.61
98300	98350	98275	-38.62
98350	98400	98325	-38.51
98400	98450	98375	-38.44
98450	98500	98425	-38.63
98500	98550	98475	-38.53
98550	98600	98525	-38.38
98600	98650	98575	-38.52
98650	98700	98625	-38.47
98700	98750	98675	-38.44
98750	98800	98725	-38.82
98800	98850	98775	-38.56
98850	98900	98825	-38.55
98900	98950	98875	-38.27
98950	99000	98925	-38.36
99000	99050	98975	-38.02
99050	99100	99025	-38.12
99100	99150	99075	-38.21
99150	99200	99125	-38.07
99200	99250	99175	-37.92
99250	99300	99225	-37.68
99300	99350	99275	-37.38
99350	99400	99325	-37.90
99400	99450	99375	-38.29
99450	99500	99425	-37.86
99500	99550	99475	-38.62
99550	99600	99525	-38.49
99600	99650	99575	-38.05
99650	99700	99625	-38.19
99700	99750	99675	-38.36
99750	99800	99725	-38.31
99800	99850	99775	-38.21
99850	99900	99825	-37.84
99900	99950	99875	-37.72
99950	100000	99925	-38.07
100000	100050	99975	-38.14
100050	100100	100025	-38.14
100100	100150	100075	-37.73
100150	100200	100125	-37.77
100200	100250	100175	-37.91
100250	100300	100225	-37.57
100300	100350	100275	-37.68
100350	100400	100325	-37.84
100400	100450	100375	-37.57
100450	100500	100425	-37.58
100500	100550	100475	-37.46
100550	100600	100525	-37.54
100600	100650	100575	-37.52
100650	100700	100625	-37.83
100700	100750	100675	-37.98
100750	100800	100725	-37.87
100800	100850	100775	-37.71
100850	100900	100825	-37.75
100900	100950	100875	-37.99
100950	101000	100925	-37.92
101000	101050	100975	-38.04
101050	101100	101025	-37.88
101100	101150	101075	-37.63
101150	101200	101125	-37.84
101200	101250	101175	-38.13
101250	101300	101225	-37.63
101300	101350	101275	-37.93
101350	101400	101325	-38.06
101400	101450	101375	-37.59
101450	101500	101425	-37.73
101500	101550	101475	-37.56
101550	101600	101525	-37.75
101600	101650	101575	-37.45
101650	101700	101625	-37.37
101700	101750	101675	-37.48
101750	101800	101725	-37.05
101800	101850	101775	-37.49
101850	101900	101825	-37.82
101900	101950	101875	-37.71
101950	102000	101925	-37.49
102000	102050	101975	-37.49
102050	102100	102025	-37.53
102100	102150	102075	-37.55
102150	102200	102125	-37.62
102200	102250	102175	-37.49
102250	102300	102225	-37.38
102300	102350	102275	-37.54
102350	102400	102325	-37.34
102400	102450	102375	-37.06
102450	102500	102425	-37.12
102500	102550	102475	-37.24
102550	102600	102525	-37.22
102600	102650	102575	-37.11
102650	102700	102625	-37.12
102700	102750	102675	-36.97
102750	102800	102725	-37.13
102800	102850	102775	-37.16
102850	102900	102825	-37.08
102900	102950	102875	-37.08
102950	103000	102925	-36.99
103000	103050	102975	-37.08
103050	103100	103025	-36.98
103100	103150	103075	-37.02
103150	103200	103125	-37.02
103200	103250	103175	-36.56
103250	103300	103225	-36.95
103300	103350	103275	-37.43
103350	103400	103325	-36.85
103400	103450	103375	-36.81
103450	103500	103425	-36.66
103500	103550	103475	-36.41
103550	103600	103525	-36.53
103600	103650	103575	-37.04
103650	103700	103625	-37.15
103700	103750	103675	-36.94
103750	103800	103725	-36.01
103800	103850	103775	-36.53
103850	103900	103825	-37.01
103900	103950	103875	-36.77
103950	104000	103925	-36.84
104000	104050	103975	-36.84
104050	104100	104025	-37.06
104100	104150	104075	-36.92
104150	104200	104125	-37.06
104200	104250	104175	-36.91
104250	104300	104225	-36.71
104300	104350	104275	-36.90
104350	104400	104325	-36.82
104400	104450	104375	-36.51
104450	104500	104425	-36.92
104500	104550	104475	-36.47
104550	104600	104525	-36.83
104600	104650	104575	-37.08
104650	104700	104625	-36.85
104700	104750	104675	-37.70
104750	104800	104725	-38.86
104800	104850	104775	-39.54
104850	104900	104825	-39.53
104900	104950	104875	-39.70
104950	105000	104925	-39.43
105000	105050	104975	-39.32
105050	105100	105025	-37.42
105100	105150	105075	-36.67
105150	105200	105125	-38.17
105200	105250	105175	-39.62
105250	105300	105225	-39.59
105300	105350	105275	-39.94
105350	105400	105325	-39.95
105400	105450	105375	-39.87
105450	105500	105425	-39.92
105500	105550	105475	-40.01
105550	105600	105525	-39.88
105600	105650	105575	-39.60
105650	105700	105625	-39.65
105700	105750	105675	-40.19
105750	105800	105725	-39.95
105800	105850	105775	-39.47
105850	105900	105825	-39.47
105900	105950	105875	-39.76
105950	106000	105925	-39.66
106000	106050	105975	-39.77
106050	106100	106025	-38.27
106100	106150	106075	-37.95
106150	106200	106125	-37.83
106200	106250	106175	-37.72
106250	106300	106225	-37.37
106300	106350	106275	-37.51
106350	106400	106325	-37.62
106400	106450	106375	-37.22
106450	106500	106425	-37.10
106500	106550	106475	-37.43
106550	106600	106525	-37.51
106600	106650	106575	-37.59
106650	106700	106625	-37.44
106700	106750	106675	-37.45
106750	106800	106725	-38.39
106800	106850	106775	-38.37
106850	106900	106825	-37.34
106900	106950	106875	-37.32
106950	107000	106925	-37.09
107000	107050	106975	-37.43
107050	107100	107025	-37.27
107100	107150	107075	-37.07
107150	107200	107125	-36.60
107200	107250	107175	-36.74
107250	107300	107225	-39.09
107300	107350	107275	-39.94
107350	107400	107325	-38.69
107400	107450	107375	-37.43
107450	107500	107425	-37.43
107500	107550	107475	-37.49
107550	107600	107525	-37.67
107600	107650	107575	-37.51
107650	107700	107625	-37.22
107700	107750	107675	-37.48
107750	107800	107725	-37.55
107800	107850	107775	-37.82
107850	107900	107825	-37.69
107900	107950	107875	-37.42
107950	108000	107925	-37.78
108000	108050	107975	-37.42
108050	108100	108025	-37.46
108100	108150	108075	-37.65
108150	108200	108125	-37.29
108200	108250	108175	-37.06
108250	108300	108225	-37.30
108300	108350	108275	-37.29
108350	108400	108325	-37.27
108400	108450	108375	-36.75
108450	108500	108425	-36.71
108500	108550	108475	-36.67
108550	108600	108525	-36.42
108600	108650	108575	-36.53
108650	108700	108625	-37.69
108700	108750	108675	-39.55
108750	108800	108725	-40.56
108800	108850	108775	-41.27
108850	108900	108825	-41.02
108900	108950	108875	-40.49
108950	109000	108925	-40.79
109000	109050	108975	-40.95
109050	109100	109025	-41.15
109100	109150	109075	-40.84
109150	109200	109125	-40.68
109200	109250	109175	-40.49
109250	109300	109225	-41.13
109300	109350	109275	-41.22
109350	109400	109325	-41.26
109400	109450	109375	-41.10
109450	109500	109425	-40.97
109500	109550	109475	-40.72
109550	109600	109525	-40.81
109600	109650	109575	-40.91
109650	109700	109625	-41.23
109700	109750	109675	-41.50
109750	109800	109725	-41.69
109800	109850	109775	-41.41
109850	109900	109825	-41.38
109900	109950	109875	-41.33
109950	110000	109925	-41.27
110000	110050	109975	-41.26
110050	110100	110025	-41.38
110100	110150	110075	-41.11
110150	110200	110125	-40.81
110200	110250	110175	-41.25
110250	110300	110225	-41.29
110300	110350	110275	-41.28
110350	110400	110325	-41.40
110400	110450	110375	-41.46
110450	110500	110425	-41.89
110500	110550	110475	-41.79
110550	110600	110525	-41.53
110600	110650	110575	-41.51
110650	110700	110625	-41.51
110700	110750	110675	-41.18
110750	110800	110725	-41.19
110800	110850	110775	-41.24
110850	110900	110825	-40.76
110900	110950	110875	-40.00
110950	111000	110925	-39.02
111000	111050	110975	-38.20
111050	111100	111025	-38.31
111100	111150	111075	-38.24
111150	111200	111125	-38.38
111200	111250	111175	-39.61
111250	111300	111225	-39.59
111300	111350	111275	-39.79
111350	111400	111325	-39.79
111400	111450	111375	-39.47
111450	111500	111425	-39.90
111500	111550	111475	-39.91
111550	111600	111525	-39.49
111600	111650	111575	-39.12
111650	111700	111625	-38.98
111700	111750	111675	-38.69
111750	111800	111725	-38.27
111800	111850	111775	-38.80
111850	111900	111825	-39.02
111900	111950	111875	-38.83
111950	112000	111925	-38.98
112000	112050	111975	-39.01
112050	112100	112025	-38.85
112100	112150	112075	-38.41
112150	112200	112125	-37.73
112200	112250	112175	-37.90
112250	112300	112225	-38.27
112300	112350	112275	-37.91
112350	112400	112325	-37.80
112400	112450	112375	-37.91
112450	112500	112425	-37.86
112500	112550	112475	-38.13
112550	112600	112525	-37.74
112600	112650	112575	-37.62
112650	112700	112625	-37.32
112700	112750	112675	-37.41
112750	112800	112725	-37.29
112800	112850	112775	-37.40
112850	112900	112825	-37.26
112900	112950	112875	-37.28
112950	113000	112925	-37.35
113000	113050	112975	-37.37
113050	113100	113025	-37.50
113100	113150	113075	-37.73
113150	113200	113125	-37.14
113200	113250	113175	-36.98
113250	113300	113225	-37.07
113300	113350	113275	-37.20
113350	113400	113325	-37.33
113400	113450	113375	-37.20
113450	113500	113425	-37.05
113500	113550	113475	-37.75
113550	113600	113525	-37.92
113600	113650	113575	-37.52
113650	113700	113625	-37.62
113700	113750	113675	-37.22
113750	113800	113725	-37.27
113800	113850	113775	-37.07
113850	113900	113825	-37.36
113900	113950	113875	-37.02
113950	114000	113925	-37.29
114000	114050	113975	-37.31
114050	114100	114025	-36.81
114100	114150	114075	-37.46
114150	114200	114125	-37.53
114200	114250	114175	-37.18
114250	114300	114225	-37.07
114300	114350	114275	-37.28
114350	114400	114325	-37.33
114400	114450	114375	-37.25
114450	114500	114425	-37.03
114500	114550	114475	-37.29
114550	114600	114525	-37.13
114600	114650	114575	-37.20
114650	114700	114625	-37.25
114700	114750	114675	-37.24
114750	114800	114725	-37.02
114800	114850	114775	-37.07
114850	114900	114825	-37.24
114900	114950	114875	-36.95
114950	115000	114925	-37.01
115000	115050	114975	-37.34
115050	115100	115025	-37.39
115100	115150	115075	-37.18
115150	115200	115125	-37.05
115200	115250	115175	-37.17
115250	115300	115225	-37.12
115300	115350	115275	-36.99
115350	115400	115325	-36.73
115400	115450	115375	-36.97
115450	115500	115425	-37.54
115500	115550	115475	-37.99
115550	115600	115525	-38.46
115600	115650	115575	-38.80
115650	115700	115625	-38.49
115700	115750	115675	-38.01
115750	115800	115725	-38.62
115800	115850	115775	-38.51
115850	115900	115825	-38.56
115900	115950	115875	-38.61
115950	116000	115925	-38.30
116000	116050	115975	-38.41
116050	116100	116025	-38.74
116100	116150	116075	-38.58
116150	116200	116125	-38.56
116200	116250	116175	-38.63
116250	116300	116225	-38.52
116300	116350	116275	-38.13
116350	116400	116325	-38.09
116400	116450	116375	-38.45
116450	116500	116425	-38.37
116500	116550	116475	-38.33
116550	116600	116525	-38.42
116600	116650	116575	-37.86
116650	116700	116625	-38.03
116700	116750	116675	-38.48
116750	116800	116725	-38.14
116800	116850	116775	-37.97
116850	116900	116825	-38.11
116900	116950	116875	-38.40
116950	117000	116925	-38.39
117000	117050	116975	-38.26
117050	117100	117025	-38.11
117100	117150	117075	-38.05
117150	117200	117125	-38.07
117200	117250	117175	-38.03
117250	117300	117225	-37.90
117300	117350	117275	-38.01
117350	117400	117325	-38.00
117400	117450	117375	-38.16
117450	117500	117425	-38.21
117500	117550	117475	-38.15
117550	117600	117525	-38.00
117600	117650	117575	-37.74
117650	117700	117625	-37.35
117700	117750	117675	-37.72
117750	117800	117725	-37.81
117800	117850	117775	-37.69
117850	117900	117825	-37.67
117900	117950	117875	-37.39
117950	118000	117925	-37.27
118000	118050	117975	-37.42
118050	118100	118025	-37.52
118100	118150	118075	-37.70
118150	118200	118125	-37.63
118200	118250	118175	-37.75
118250	118300	118225	-37.88
118300	118350	118275	-37.88
118350	118400	118325	-37.78
118400	118450	118375	-37.68
118450	118500	118425	-37.59
118500	118550	118475	-37.32
118550	118600	118525	-36.92
118600	118650	118575	-37.26
118650	118700	118625	-37.17
118700	118750	118675	-37.48
118750	118800	118725	-37.31
118800	118850	118775	-37.12
118850	118900	118825	-37.30
118900	118950	118875	-37.51
118950	119000	118925	-37.20
119000	119050	118975	-36.70
119050	119100	119025	-36.82
119100	119150	119075	-36.99
119150	119200	119125	-36.98
119200	119250	119175	-36.95
119250	119300	119225	-36.35
119300	119350	119275	-36.68
119350	119400	119325	-36.69
119400	119450	119375	-35.85
119450	119500	119425	-35.80
119500	119550	119475	-35.70
119550	119600	119525	-35.60
119600	119650	119575	-35.65
119650	119700	119625	-35.45
119700	119750	119675	-35.49
119750	119800	119725	-35.35
119800	119850	119775	-34.88
119850	119900	119825	-34.68
119900	119950	119875	-34.93
119950	120000	119925	-35.01
120000	120050	119975	-34.74
120050	120100	120025	-34.81
120100	120150	120075	-34.72
120150	120200	120125	-34.52
120200	120250	120175	-34.41
120250	120300	120225	-34.32
120300	120350	120275	-34.61
120350	120400	120325	-34.48
120400	120450	120375	-34.29
120450	120500	120425	-34.35
120500	120550	120475	-34.32
120550	120600	120525	-34.20
120600	120650	120575	-34.18
120650	120700	120625	-34.03
120700	120750	120675	-33.95
120750	120800	120725	-33.81
120800	120850	120775	-33.54
120850	120900	120825	-33.66
120900	120950	120875	-33.67
120950	121000	120925	-33.39
121000	121050	120975	-33.35
121050	121100	121025	-33.34
121100	121150	121075	-33.32
121150	121200	121125	-33.14
121200	121250	121175	-32.79
121250	121300	121225	-32.85
121300	121350	121275	-32.67
121350	121400	121325	-32.70
121400	121450	121375	-32.60
121450	121500	121425	-32.69
121500	121550	121475	-32.89
121550	121600	121525	-32.64
121600	121650	121575	-32.39
121650	121700	121625	-32.43
121700	121750	121675	-32.33
121750	121800	121725	-32.46
121800	121850	121775	-32.45
121850	121900	121825	-32.35
121900	121950	121875	-32.39
121950	122000	121925	-32.37
122000	122050	121975	-32.34
122050	122100	122025	-32.26
122100	122150	122075	-32.27
122150	122200	122125	-32.15
122200	122250	122175	-32.32
122250	122300	122225	-32.34
122300	122350	122275	-32.33
122350	122400	122325	-32.30
122400	122450	122375	-32.33
122450	122500	122425	-32.36
122500	122550	122475	-32.49
122550	122600	122525	-32.59
122600	122650	122575	-32.58
122650	122700	122625	-32.64
122700	122750	122675	-32.64
122750	122800	122725	-32.49
122800	122850	122775	-32.47
122850	122900	122825	-32.68
122900	122950	122875	-32.62